[f.jpg]
text=1;138;10;Bibliomart;Sitka Small;-0.322856,0.725205,0.266667,0.000000;v1,4278190080,4278190080,128.000000,1.000000,0.000000,1.000000,700,0,49152;;
backuphash=3755
textactive=1
